10	1	0.000017
10	1	0.000017
10	1	0.000018
10	1	0.000022
10	1	0.000019
10	1	0.000019
10	1	0.000021
10	1	0.000017
10	1	0.000019
10	1	0.000018
100	1	0.000019
100	1	0.000020
100	1	0.000019
100	1	0.000018
100	1	0.000018
100	1	0.000018
100	1	0.000024
100	1	0.000019
100	1	0.000023
100	1	0.000018
5000	1	0.000091
5000	1	0.000086
5000	1	0.000088
5000	1	0.000092
5000	1	0.000093
5000	1	0.000089
5000	1	0.000089
5000	1	0.000095
5000	1	0.000095
5000	1	0.000089
10	4	0.003231
10	4	0.002301
10	4	0.000231
10	4	0.001519
10	4	0.000128
10	4	0.000238
10	4	0.001715
10	4	0.000156
10	4	0.000291
10	4	0.001251
100	4	0.000325
100	4	0.001064
100	4	0.001696
100	4	0.001997
100	4	0.001048
100	4	0.002162
100	4	0.001073
100	4	0.001140
100	4	0.000964
100	4	0.000803
5000	4	0.000424
5000	4	0.001164
5000	4	0.001010
5000	4	0.000233
5000	4	0.000208
5000	4	0.001451
5000	4	0.000203
5000	4	0.001742
5000	4	0.006603
5000	4	0.001092
ERROR exp=1412970085 act=336905
ERROR exp=1412970087 act=698032
ERROR exp=1412970089 act=66342
ERROR exp=1412970090 act=430070
ERROR exp=1412970091 act=803581
ERROR exp=1412970093 act=165395
ERROR exp=1412970094 act=520412
ERROR exp=1412970095 act=897280
ERROR exp=1412970098 act=281766
ERROR exp=1412970099 act=657834
5000	16	0.172412
5000	16	0.173161
5000	16	0.170509
5000	16	0.168379
5000	16	0.170522
5000	16	0.171990
5000	16	0.167446
5000	16	0.171099
5000	16	0.171535
5000	16	0.176316
100	64	0.102399
100	64	0.112842
100	64	0.097874
100	64	0.095067
100	64	0.096353
100	64	0.096423
100	64	0.096531
100	64	0.094571
100	64	0.095742
100	64	0.112155
ERROR exp=1412970134 act=137255
ERROR exp=1412970137 act=400202
ERROR exp=1412970139 act=701782
ERROR exp=1412970141 act=972592
ERROR exp=1412970144 act=225655
ERROR exp=1412970146 act=495035
ERROR exp=1412970148 act=759612
ERROR exp=1412970151 act=46608
ERROR exp=1412970153 act=364293
ERROR exp=1412970155 act=610756
5000	256	0.261509
5000	256	0.253225
5000	256	0.270973
5000	256	0.267851
5000	256	0.250404
5000	256	0.255003
5000	256	0.269832
5000	256	0.284555
5000	256	0.253707
5000	256	0.388582
